0000000100000000101000000001000000001011
0000001000000000101000000010000000001011
0000001100000000101000000011000000001011
0000010000000000101000000100000000001011
0000100100000000101000001010000000000000
0010000100000000110000000000000000000000
0000000000000000000000000000000000000000
0000000000000000000000000000000000000000
0000000000000000000000000000000000000000
0000000000000000000000000000000000000000
0000000000000000000000000000000000000001
1000000000000000000000000000000000000001
0000000000000000000000000000000000000001
